# Custom rhythm track — fields per line: <time_ms> <lane (0..3)>
# Comments start with '#'. Lanes are 0=red, 1=yellow, 2=green, 3=blue.
500 0
1000 1
1500 2
2000 3
2500 0
2750 2
3000 1
3250 3
3500 0
4000 2
4500 1
5000 3
5500 0
5750 1
6000 2
6500 3
6750 1
7000 0
7500 2
7750 3
8000 1
8250 0
8500 2
9000 3
9250 2
9500 1
10000 0
10250 1
10500 2
10750 3
11000 0
11500 2
12000 1
12500 3
13000 0
13500 1
14000 2
14500 3
15000 0
15250 1
15500 2
15750 3
16000 0
16500 2
17000 1
17500 3
18000 0
18500 2
19000 1
19500 3
20000 0
20250 1
20500 2
20750 3
21000 1
21500 3
22000 2
22500 0
23000 1
23500 2
24000 3
24500 0
25000 1
25500 2
26000 3
27000 0
27500 1
28000 2
28500 3
29000 0
29500 2
30000 1
